Matemática 800,00
Selecionados
Ana 816,67 800 850 800
Pedro 800,00 750 850 800
Fila de Espera
Patrícia 800,00 750 850 800
Camila 800,00 750 800 850
Gabriela 800,00 750 800 850
Mateus 800,00 750 800 850
Larissa 800,00 750 800 850
Aline 800,00 750 800 850
Thiago 800,00 750 800 850
Senhor Barriga 783,33 750 800 800
Rafael 750,00 700 800 750
Carla 750,00 700 800 750

Física 833,33
Selecionados
PRIMEIRO 1000,00 1000 1000 1000
João 833,33 800 900 800
Fila de Espera
João 833,33 800 900 800
Fernanda 833,33 800 900 800
Paulo 833,33 800 900 800
Renata 800,00 750 850 800
Roberto 800,00 750 850 800
Thiago 800,00 750 850 800
Isabela 800,00 750 850 800
Diego 800,00 750 850 800
Patrícia 800,00 750 850 800
Camila 800,00 750 800 850

Química 800,00
Selecionados
Deadpool 800,00 900 700 800
João 800,00 750 850 800
Fila de Espera
Renata 800,00 750 850 800
Roberto 800,00 750 850 800
Thiago 800,00 750 850 800
Isabela 800,00 750 850 800
Diego 800,00 750 850 800
Chaves 800,00 750 800 850
Peter Parker 783,33 700 850 800
Rafael 750,00 700 800 750
Carla 750,00 700 800 750
Paulo 750,00 700 800 750

Estatística 833,33
Selecionados
Professor Girafales 833,33 800 900 800
Rodrigo 833,33 800 900 800
Camila 833,33 800 900 800
Eduardo 833,33 800 900 800
Ana 833,33 800 900 800
Fila de Espera
Fernanda 833,33 800 900 800
Paulo 833,33 800 900 800
Chaves 800,00 750 800 850
Guilherme 800,00 750 800 850
Vinícius 800,00 750 800 850
Peter Parker 783,33 700 850 800
Gustavo 750,00 700 800 750
Marcos 750,00 700 800 750
Paulo 716,67 700 750 700
Marcela 700,00 700 700 700

Religiao 766,67
Selecionados
Carlos 833,33 800 900 800
Mercantil 800,00 750 800 850
Mickey Mouse 766,67 800 700 800
Fila de Espera
Mercantil 800,00 750 800 850
Bianca 716,67 700 750 700
Renata 716,67 700 750 700
Lucas 700,00 700 700 700
ultimo 116,67 100 150 100

